-19.0
-19.009999999999998
-19.029899999999998
-19.039600999999998
-19.039204989999998
-19.048812940099996
-19.068324810698996
-19.077641562592007
-19.09686514696609
-19.105896495496427
-19.124837530541463
-19.13358915523605
-19.13225326368369
-19.140930731046854
-19.149521423736385
-19.168026209499022
-19.186345947404032
-19.184482487929994
-19.202637663050695
-19.220611286420187
-19.238405173555986
-19.256021121820428
-19.263460910602223
-19.2808263014962
-19.29801803848124
-19.315037858096428
-19.321887479515464
-19.33866860472031
-19.35528191867311
-19.36172909948638
-19.378111808491514
-19.3843306904066
-19.39048738350253
-19.396582509667507
-19.38261668457083
-19.39879051772512
-19.39480261254787
-19.410854586422392
-19.426746040558168
-19.412478580152587
-19.41835379435106
-19.42417025640755
-19.419928553843476
-19.415729268305043
-19.42157197562199
-19.42735625586577
-19.443082693307115
-19.438651866374045
-19.444265347710303
-19.449822694233198
-19.465324467290866
-19.470671222617955
-19.485964510391778
-19.50110486528786
-19.51609381663498
-19.510932878468633
-19.515823549683947
-19.520665314187106
-19.515458661045237
-19.530304074434785
-19.545001033690436
-19.54955102335353
-19.564055513119996
-19.5584149579888
-19.56283080840891
-19.577202500324823
-19.581430475321575
-19.59561617056836
-19.589660008862676
-19.60376340877405
-19.60772577468631
-19.611648516939443
-19.58553203177005
-19.56967671145235
-19.573979944337825
-19.578240144894448
-19.592457743445504
-19.59653316601105
-19.610567834350938
-19.62446215600743
-19.638217534447357
-19.64183535910288
-19.655417005511854
-19.658862835456734
-19.652274207102167
-19.655751465031145
-19.669193950380834
-19.682502010877027
-19.685676990768254
-19.68882022086057
-19.701932018651966
-19.704912698465446
-19.71786357148079
-19.710684935765983
-19.713578086408322
-19.70644230554424
-19.709377882488795
-19.712284103663904
-19.725161262627267
-19.727909650000996
-19.740630553500985
-19.753224247965974
-19.755692005486313
-19.758135085431448
-19.760553734577133
-19.77294819723136
-19.775218715259047
-19.777466528106455
-19.77969186282539
-19.781894944197138
-19.784075994755167
-19.796235234807614
-19.79827288245954
-19.810290153634945
-19.812187252098596
-19.80406537957761
-19.806024725781835
-19.807964478524017
-19.799884833738776
-19.79188598540139
-19.803967125547377
-19.815927454291906
-19.827768179748986
-19.8394904979515
-19.851095592971983
-19.842584637042265
-19.854158790671843
-19.855617202765124
-19.867061030737474
-19.8683904204301
-19.8797065162258
-19.890909451063543
-19.902000356552907
-19.882980352987378
-19.8841505494575
-19.89530904396293
-19.9063559535233
-19.917292393988067
-19.928119470048188
-19.898838275347707
-19.88984989259423
-19.90095139366829
-19.901941879731606
-19.91292246093429
-19.913793236324945
-19.924655303961696
-19.91540875092208
-19.92625466341286
-19.92699211677873
-19.937722195610945
-19.938344973654836
-19.92896152391829
-19.939671908679106
-19.940275189592313
-19.940872437696388
-19.951463713319423
-19.951949076186228
-19.942429585424367
-19.933005289570126
-19.943675236674427
-19.944238484307682
-19.934796099464606
-19.94544813846996
-19.94599365708526
-19.956533720514408
-19.956968383309263
-19.96739869947617
-19.96772471248141
-19.968047465356594
-19.96836699070303
-19.968683320795996
-19.968996487588036
-19.979306522712157
-19.979513457485034
-19.979718322910184
-19.989921139681083
-19.99002192828427
-19.98012170900143
-19.990320491911415
-20.000417286992302
-20.01041311412238
-20.020308982981156
-20.030105893151344
-20.029804834219828
-20.02950678587763
-20.039211718018855
-20.048819600838666
-20.05833140483028
-20.04774809078198
-20.05727060987416
-20.066697903775417
-20.06603092473766
-20.075370615490286
-20.064616909335385
-20.073970740242032
-20.083231032839613
-20.082398722511215
-20.0815747352861
-20.09075898793324
-20.089851398053906
-20.098952884073366
-20.097963355232633
-20.106983721680308
-20.105913884463504
-20.09485474561887
-20.103906198162683
-20.112867136181055
-20.101738464819245
-20.110721080171054
-20.119613869369342
-20.11841773067565
-20.127233553368892
-20.125961217835204
-20.134701605656854
-20.133354589600284
-20.142021043704283
-20.14060083326724
-20.139194824934567
-20.147802876685223
-20.14632484791837
-20.144861599439185
-20.153412983444795
-20.151878853610345
-20.160360065074244
-20.168756464423502
-20.177068899779268
-20.185298210781475
-20.18344522867366
-20.181610776386922
-20.179794668623053
-20.167996721936824
-20.176316754717455
-20.17455358717028
-20.172808051298578
-20.181079970785593
-20.159269171077735
-20.167676479366957
-20.155999714573287
-20.134439717427554
-20.11309532025328
-20.101964367050748
-20.11094472338024
-20.109835276146438
-20.118736923384972
-20.127549554151123
-20.12627405860961
-20.135011318023516
-20.13366120484328
-20.142324592794846
-20.120901346866898
-20.10969233339823
-20.11859541006425
-20.127409455963605
-20.13613536140397
-20.13477400778993
-20.13342626771203
-20.142092005034907
-20.15067108498456
-20.159164374134715
-20.167572730393367
-20.155897003089436
-20.16433803305854
-20.142694652727954
-20.151267706200674
-20.149755029138667
-20.14825747884728
-20.15677490405881
-20.165207155018223
-20.16355508346804
-20.17191953263336
-20.180200337307028
-20.188398333933957
-20.186514350594617
-20.194649207088673
-20.202702715017786
-20.20067568786761
-20.20866893098893
-20.20658224167904
-20.21451641926225
-20.22237125506963
-20.22014754251893
-20.207946067093744
-20.185866606422806
-20.194007940358578
-20.182067860954994
-20.180247182345443
-20.18844471052199
-20.19656026341677
-20.194594660782602
-20.192648714174776
-20.20072222703303
-20.2087150047627
-20.21662785471507
-20.21446157616792
-20.21231696040624
-20.20019379080218
-20.19819185289416
-20.186209934365216
-20.194347835021563
-20.202404356671348
-20.210380313104636
-20.21827650997359
-20.216093744873856
-20.213932807425117
-20.201793479350865
-20.179775544557355
-20.15797778911178
-20.16639801122066
-20.154734031108454
-20.16318669079737
-20.161554823889396
-20.169939275650503
-20.158239882893998
-20.136657484065058
-20.115290909224406
-20.124138000132163
-20.12289662013084
-20.12166765392953
-20.100450977390235
-20.099446467616332
-20.10845200294017
-20.107367482910767
-20.11629380808166
-20.125130870000845
-20.133879561300837
-20.12254076568783
-20.131315358030953
-20.130002204450644
-20.108702182406137
-20.117615160582076
-20.126439008976256
-20.135174618886495
-20.13382287269763
-20.142484643970654
-20.151059797530948
-20.149549199555636
-20.138053707560083
-20.13667317048448
-20.145306438779638
-20.153853374391844
-20.122314840647928
-20.111091692241448
-20.119980775319036
-20.128780967565845
-20.117493157890188
-20.126318226311287
-20.135055044048176
-20.143704493607697
-20.13226744867162
-20.140944774184906
-20.139535326443056
-20.138139973178625
-20.12675857344684
-20.13549098771237
-20.124136077835246
-20.132894717056892
-20.141565769886324
-20.15015011218746
-20.148648611065585
-20.13716212495493
-20.105790503705382
-20.104732598668328
-20.093685272681647
-20.102748419954832
-20.091720935755284
-20.080803726397733
-20.089995689133755
-20.099095732242418
-20.098104774919992
-20.097123727170793
-20.096152489899083
-20.095190965000093
-20.104239055350092
-20.113196664796593
-20.122064698148627
-20.12084405116714
-20.10963561065547
-20.118539254548917
-20.127353862003428
-20.136080323383393
-20.13471952014956
-20.143372324948064
-20.151938601698586
-20.1404192156816
-20.129015023524786
-20.13772487328954
-20.13634762455664
-20.124984148311075
-20.113734306827965
-20.122596963759687
-20.12137099412209
-20.120157284180866
-20.128955711339056
-20.117666154225667
-20.11648949268341
-20.115324597756576
-20.104171351779012
-20.103129638261223
-20.09209834187861
-20.101177358459825
-20.090165584875226
-20.099263929026474
-20.10827128973621
-20.117188576838846
-20.116016691070456
-20.11485652415975
-20.123707958918153
-20.132470879328974
-20.141146170535684
-20.149734708830326
-20.158237361742025
-20.156654988124604
-20.155088438243357
-20.163537553860923
-20.161902178322315
-20.170283156539092
-20.1685803249737
-20.16689452172396
-20.175225576506723
-20.183473320741655
-20.19163858753424
-20.199722201658897
-20.197724979642306
-20.205747729845882
-20.193690252547423
-20.20175335002195
-20.20973581652173
-20.21763845835651
-20.215462073772944
-20.223307453035215
-20.221074378504863
-20.228863634719815
-20.236574998372618
-20.24420924838889
-20.251767155905004
-20.249249484345953
-20.246756989502494
-20.25428941960747
-20.241746525411397
-20.23932906015728
-20.22693576955571
-20.224666411860152
-20.232419747741552
-20.230095550264135
-20.237794594761496
-20.23541664881388
-20.243062482325744
-20.240631857502486
-20.24822553892746
-20.255743283538187
-20.253185850702806
-20.250653992195776
-20.258147452273818
-20.26556597775108
-20.262910317973567
-20.26028121479383
-20.257678402645894
-20.265101618619436
-20.272450602433242
-20.27972609640891
-20.27692883544482
-20.284159547090372
-20.29131795161947
-20.288404772103274
-20.28552072438224
-20.29266551713842
-20.299738861967036
-20.306741473347365
-20.31367405861389
-20.320537318027753
-20.317331944847474
-20.314158625399
-20.311017039145007
-20.317906868753557
-20.31472780006602
-20.29158052206536
-20.298664716844705
-20.28567806967626
-20.272821288979497
-20.2700930760897
-20.267392145328802
-20.264718223875512
-20.272071041636757
-20.249350331220388
-20.246856827908182
-20.2443882596291
-20.22194437703281
-20.22972493326248
-20.23742768392986
-20.23505340709056
-20.232702873019655
-20.24037584428946
-20.227972085846567
-20.2356923649881
-20.24333544133822
-20.25090208692484
-20.258393066055593
-20.26580913539504
-20.27315104404109
-20.28041953360068
